model v1-x-x

nn = 6, 16, 16, 4

learning_rate = 0.0005, 
epsilon = 1,
min_epsilon = 0.01,
epsilon_decay = 0.995,
discount_factor = 0.9,
mini_batch_size = 64,
replay_memory_size = 1500 



model v2-x-x

nn = 5, 16, 4

v2-0-0
learning_rate = 0.001, 
epsilon = 1,
min_epsilon = 0.01,
epsilon_decay = 0.995,
discount_factor = 0.9,
mini_batch_size = 128,
replay_memory_size = 1500

e10
[-49483.59749875 -49484.62368471 -51697.03308091     58.8987602
   -106.81327814   -155.64029931   -193.32609359   -107.53076598
   -162.55218438   -132.59092159]




model v3-x-x

nn = 6, 16, 4

v3-0-0
learning_rate = 0.001, 
epsilon = 1,
min_epsilon = 0.01,
epsilon_decay = 0.995,
discount_factor = 0.9,
mini_batch_size = 128,
replay_memory_size = 1500

e20
[-4.94877876e+04 -5.17116552e+04 -2.97856296e+05 -5.03947171e+04
 -5.16575068e+04  2.32500000e+02  2.31250000e+02  2.31000000e+02
  2.32199365e+02  2.38250000e+02  2.33155027e+02  2.33000000e+02
  2.33500000e+02  2.31000000e+02  2.20638880e+02  2.31500000e+02
  2.31750000e+02  2.30500000e+02  2.29000000e+02  2.27750000e+02]




model v4-x-x

nn = 6, 16, 8, 4

v4-0-0
learning_rate = 0.001, 
epsilon = 1,
min_epsilon = 0.01,
epsilon_decay = 0.995,
discount_factor = 0.9,
mini_batch_size = 128,
replay_memory_size = 1500

e25
[ -5575.36099841 -10724.58483545  -9935.94520106  -4468.2260937
  -1572.26160907  -2659.7525182   -3758.4191478   -4494.5344471
  -3399.45448637  -4479.90048153  -1007.0857217   -1372.6801894
  -1022.97209531  -2480.5497245   -7085.07453832  -1760.76770513
     43.25        -4140.26342106   -655.33784411     76.75
  -3777.08523609  -6882.38225918  -5773.82074146 -33720.20621646
  -1562.03116312]

e100
[539.37078651,-3481.63863318,-3639.25973046,-2745.69394765
-374.81397261,-1104.12377086,-4041.55744872,-6040.94734777
-9453.85118032,-2177.62476291,-900.60743569,-2406.21102496
928.5,939.,650.,915.25
570.82786021,551.03056535,570.15384196,932.5
732.11328902,211.9664788,929.75,752.21994982
933.5,923.,367.91656733,-1280.15619659
-1310.70555837,-2379.87262609,-2180.13565058,-4194.93367662
-9194.33190726,722.89705036,178.13276659,921.25
909.5,900.,899.,739.59907052
-343.13598943,-904.8877411,917.5,928.
922.25,924.5,915.25,943.25
457.5,675.75,923.25,934.75
936.5,928.25,-508.25,914.
720.75,942.5,808.75,-2805.40354206
-14118.21196109,-8772.96495772,-22897.85332788,176.02520818
-555.41101977,-22657.39489829,937.75,940.5
944.,955.5,962.75,949.25
954.,968.5,818.5,974.5
643.75,777.25,986.75,979.25
987.5,971.25,724.25,685.25
-363.75,997.75,-1937.5,997.75
-3083.5,959.25,957.,961.
978.5,973.,964.5,948.
977.5,988.,938.,925.5]